V1	V2	V3
B_1_con	-0.130497362968614	-0.0782079179965797	0.0541009260724358
B_2_con	-0.113917889222599	-0.0922148607499102	0.0761592362913913
B_4_con	-0.124883064920095	-0.0631889393926123	0.0731883856753645
C_1_tre	-0.133397518280681	-0.154281335680097	-0.123230584293819
C_2_tre	-0.113693917906766	-0.079445410497658	-0.0378792407300549
C_3_tre	-0.117125470142696	-0.113583033418585	-0.0117664951463673
Rywal-mock2	-0.051307418176658	0.234512342213743	-0.0557172871242146
Rywal-mock3	-0.00314008622679595	0.219848823877556	0.0105334985352824
Rywal-mock4	-0.0606193054943376	0.274914903229266	0.0121579881986342
Rywal-wilga_2	0.276990775612328	-0.0347855708604366	-0.00860586180412677
Rywal-wilga_3	0.288692646930466	-0.0633822202951296	-0.0139991636673694
Rywal-wilga_5	0.282898610796449	-0.050186780429558	0.0250585979928433
